-1.444089612289389812e-02
-4.830109862163944889e-02
8.043913998534835130e-02
1.371298784020114070e-02
-3.834228787528037863e-02
4.807823029122260117e-02
-8.630058075046131982e-03
-4.890941796990300183e-02
9.264418445156241688e-04
4.691665560754354480e-02
1.317125343023595185e-02
3.592935951933662331e-02
-5.273605098696887428e-02
-6.415226024294939933e-02
7.553195256780864675e-02
-1.727968472987817528e-02
3.551143082691510244e-02
-8.005176557589199771e-02
5.742940169091670377e-02
9.923827320708733524e-03
8.390208973174884122e-03
-2.610497835525560362e-02
-4.034654523335956533e-03
3.328426833041353561e-03
-5.310053640667677932e-02
8.234159456832523816e-02
-2.003747475475170514e-02
1.565454408454902691e-02
3.986692017171455937e-02
-2.747022591651171464e-02
-1.577723459259217087e-02
6.733195367403910225e-03
8.478951917025190355e-03
-4.159693901848748876e-02
4.129988818965424358e-02
-5.835173569883211897e-02
9.225647834104044875e-02
-2.248696235820168976e-02
-6.067340982501834290e-03
-2.958269742058294849e-02
7.227210133350370214e-02
-4.670585612454014601e-02
4.771759731598201881e-02
-4.161211066291936600e-02
1.748353407439529050e-02
-2.265744891251020299e-02
4.473629549453495002e-02
-3.200853765554212416e-02
-8.027414912175401263e-03
7.810978016960179460e-03
-7.860003970912909921e-03
7.341735908166580060e-02
-3.315595751191424689e-02
-2.953034367098983370e-02
4.356792509631057797e-02
-3.668246604702496416e-02
3.025029898403364115e-03
1.202061307321766748e-02
-6.666291371723032100e-04
3.542128152447698852e-03
-3.127981282344427516e-02
4.276622209098812633e-02
-1.349398759387787639e-02
4.252258590535129557e-02
-4.388565575353620130e-02
5.127125305102864239e-02
-5.878240818615920737e-02
7.514837539767338370e-03
6.388303294424524381e-05
2.798074844923115201e-02
-5.049187792909481942e-02
4.384041077508582518e-02
-3.043607068394549309e-02
1.219443154782329231e-02
3.336671098643329003e-03
1.813298951779551693e-02
4.006353727933187336e-02
-1.066124533460599544e-02
-2.644402046931837447e-02
-6.697426047570487206e-02
7.056617890036176455e-02
-7.635418847504737982e-03
2.067145382752988425e-03
3.284735723168452637e-03
-9.681923003926673488e-03
1.042165028965080786e-02
5.439295186713044572e-03
-2.646951114165063679e-02
1.285142430341457143e-02
4.245955921948452172e-02
-3.723787722180205151e-02
4.470053847306432182e-02
-3.181115670387157923e-02
3.541400923091142516e-02
-3.352741710280104925e-02
3.010308477934420246e-02
2.795875273609094158e-02
-7.629458804006139516e-02
5.358725608516201611e-02
8.306741714477539062e-03
-2.974123611273671308e-02
1.372142132128151282e-02
4.893995171250398180e-02
-4.399411171919598296e-02
1.154464114903652749e-02
-2.985773948308800829e-02
1.003552252508255194e-03
2.092656447106300277e-02
-1.005602016582540781e-02
4.332547137064368670e-02
-1.384368948419789636e-02
-3.128855593536983282e-02
-4.020313315028611889e-03
3.496860210973395944e-02
-5.332081070834859826e-02
2.616045592731586211e-02
1.222150849038450282e-02
4.025246437439999880e-02
2.822529872770207504e-03
-5.695411611380052364e-02
5.692645262676876428e-03
5.423520637832734970e-02
-8.915703678546993416e-03
-1.504640039955096320e-02
-9.823978060846561000e-03
-2.472122900941897683e-02
1.902052697098755019e-02
-3.274442049617054540e-02
5.041873595052193124e-02
-5.342359083495451522e-03
-1.334412886656344277e-02
-1.160560698025503434e-02
2.914677069896720596e-02
-5.923520610429111599e-04
6.687390684688043763e-02
-3.556267074901808822e-02
-6.391868471055550671e-03
-2.447451717778637015e-02
-4.570713923334190909e-04
6.474283112046919086e-02
-6.878417563198446771e-02
-1.440857176088994329e-03
2.982799456064411103e-02
-6.357586315638852348e-02
7.354876499962914593e-03
6.554332051876010645e-02
2.275089434415145107e-02
-2.245190273597441610e-02
-6.878969312946336956e-02
5.376691806340216928e-02
-3.074551625442123459e-03
6.355930856128155781e-02
-7.885515350991312289e-02
2.811457287954310935e-02
-2.238799164667959474e-03
-8.379679771626680207e-03
2.707388192542614647e-02
-5.447726618236226059e-04
-1.572540187803239675e-02
-4.763040331176771058e-02
6.167367935139211887e-02
3.277335380222079486e-02
1.720450074658530504e-02
-3.146241603829003086e-02
-1.897433244870272429e-02
2.290614161224269196e-02
1.348093942436157100e-02
-6.208403092325098793e-02
4.670810144899384397e-02
3.934973649567297116e-03
-3.103192823049316651e-02
5.532836461498824576e-03
2.134806349442852635e-02
1.588098820761474350e-02
-2.780663149473672213e-02
4.749894875024862628e-03
1.863963382266153879e-02
3.576875106969690243e-02
-8.862004016946900542e-02
4.163995210967752492e-02
-1.901596508602776403e-03
2.700956481290339717e-02
3.662361708234840307e-02
-7.796016300826102974e-02
2.229583113554034490e-02
-4.675820958401566418e-02
6.059090659617472063e-02
3.039808985174863309e-03
3.410761716650911879e-02
-5.328327138179567157e-02
-1.860001503684038937e-04
2.293544386473422847e-02
-2.063007798939331394e-02
-3.702953694140975749e-03
2.388555124573854549e-02
3.810411932124369017e-02
-2.589860420538681041e-02
1.812525529393127499e-02
1.752886518821661355e-03
-1.656184091799917102e-02
-9.774899149411320209e-03
1.331081510047527061e-02
-5.962931116885794580e-02
1.449461815795927144e-02
3.871976830674528358e-03
4.173111281192065647e-02
3.111100292470192485e-03
3.373246652255268430e-02
-3.749610364664368589e-02
-7.812748832720539660e-03
-2.210708125198113105e-02
1.716983570610519649e-02
5.782053809435749869e-03
3.480870889202614116e-02
2.027875193068751081e-02
-2.105194477153393695e-02
-1.630510590752887179e-02
4.087354384255070805e-02
-3.408049300070548071e-02
-1.534629845911406054e-02
-1.917093698125882373e-02
3.725192911349584080e-02
2.584650135125987624e-02
-3.044802166840754332e-02
3.696995887906151523e-02
-4.922586953900609519e-02
2.961917989774165427e-02
-1.723961123681561070e-02
-9.730235514321727841e-03
4.342271185915280718e-02
-4.126951219381869151e-02
2.974443527706749357e-02
1.450519555813234440e-02
2.316362967854446175e-02
-6.543700710421695987e-02
2.211825092405317328e-02
-1.177574994847219170e-02
-3.026414820040457254e-02
5.322950271186654980e-02
1.497901581455440834e-02
9.667388922640185456e-03
-3.015258885149585399e-02
-2.369884865188520706e-03
-4.823787914339239258e-03
1.405943359330463771e-02
1.366064370699060504e-02
4.311526280431232649e-02
-8.706696836298266629e-02
8.827612324783928877e-02
-4.698844471041596638e-02
-1.793478536657466815e-02
2.954521542644150678e-02
1.532383183573005070e-02
-2.567465677534308544e-02
2.129401156928434347e-02
-4.534755917301258599e-02
6.006730338614962861e-02
-4.021367808357312335e-02
3.463460337289192559e-02
7.636498144777403851e-03
1.217466782720255658e-02
-4.175988876046787812e-02
-2.171654749112572613e-02
2.247308679219384153e-02
1.141992144002945686e-02
5.008809742328335091e-02
-3.065570807931095043e-02
1.503155330370153919e-03
-1.786418614823592765e-02
-2.030834905287026704e-02
1.159703662253486200e-02
-1.458291837180569761e-02
2.611067148440482377e-02
3.428113723746051278e-02
-1.976977089846754243e-02
-6.855013617584115870e-03
1.678283565776617081e-02
-2.020945123643502761e-02
-1.032963687942067832e-02
5.032857062912210466e-02
-7.331504190610449445e-02
1.939805143890560579e-02
-8.907936114297410057e-04
4.777309886885983126e-02
-2.842019251758298726e-02
4.607934532660618032e-03
1.121965427827875672e-02
6.820633201943149260e-03
3.899998303134033506e-03
-1.315187761097091901e-02
-3.606698386896978192e-03
8.089574178433034390e-03
-1.123408465682629309e-02
-9.713487299781720097e-03
3.517970859672581163e-02
-2.785192036012984484e-02
-1.091730795813428134e-02
2.915600319069477919e-02
-1.157585815235506743e-03
-1.089933469868198390e-02
1.016251632109255176e-02
2.616420289989052073e-02
-3.825408968716803582e-02
1.365940895670925137e-02
3.880661016984343625e-02
-2.552809977036429867e-02
1.807362316705951599e-02
-6.283538306371405646e-03
7.106772831459551298e-03
-5.541618995510644297e-02
2.388685187766670381e-02
1.046885973262234870e-02
-1.631688545268294988e-03
1.673522051157183554e-02
-1.604754817060238814e-02
3.622045766085801866e-02
-2.005504248021006131e-02
-1.917820991659968666e-02
6.505498542948506824e-02
-6.596726357153526177e-02
3.350266520475186915e-02
5.213012134351657778e-03
-6.463108588600885440e-03
-7.924822899168071366e-03
-2.320450368548698794e-02
2.964272251971467043e-02
3.387015490516898097e-04
2.344453889490138998e-02
-2.963713865310935169e-02
1.893710476055598946e-02
4.285379644217046646e-03
1.459310591674212176e-02
9.264478362664307909e-03
-5.511001467393106257e-02
-5.906617670406011378e-03
5.502294466095403180e-04
3.940216142021846224e-02
-2.876036156348849016e-02
-4.556513135589024266e-03
4.377575246096343520e-02
-1.882753596080843916e-02
-7.298599617713397159e-03
1.286418117388010707e-02
9.112289120443151091e-04
-1.211737817361724368e-03
1.316342563653716269e-02
1.004836898825334224e-02
-3.989149857468665683e-02
7.925305142544303294e-04
3.804749670522888927e-02
-3.771404496602714929e-02
-2.669399339648093061e-02
8.428113301802797608e-02
-6.733196490516468735e-02
4.584416875007613079e-02
-6.514850796672300159e-02
2.527275414782503837e-02
3.524784011141135487e-02
6.898020156885942278e-02
-3.617300338536710846e-02
-1.265293116947663332e-02
9.187583083034356335e-03
-2.611182006366785657e-04
